25200 86236 26420
25200 13556 69337
25200 33099 16083
25200 93764 16140
25200 7740 20497
25200 42404 108836
25200 96155 113605
25200 35473 40973
25200 89784 61082
25200 107021 119156
25200 52738 54589
25200 952 83401
25200 35361 68297
25200 20356 19938
25200 90078 13053
25200 106378 118273
25200 10036 73662
25200 25713 119705
25200 7739 98777
25200 71249 26542
25200 108519 9704
25200 53754 124357
25200 51183 36089
25200 115981 93716
25200 121820 9371
25200 15333 39218
25200 93960 118930
25200 30705 32276
25200 42962 8425
25200 44537 108918
25200 23490 112677
25200 43429 94003
25200 77790 51113
25200 118329 14085
25200 46104 11684
25200 8703 29961
25200 5366 59666
25200 59317 89299
25200 68981 12300
25200 122273 93024
25200 88126 94998
25200 61918 118496
25200 11677 76216
25200 74976 123074
25200 49879 74560
25200 27284 15992
25200 95407 1610
25200 93181 85253
25200 95692 2215
25200 66996 83362
25200 89134 80984
25200 28694 106572
25200 52516 56229
25200 100726 117420
25200 27431 50181
25200 66054 46882
25200 54231 12794
25200 84188 14019
25200 85908 64471
25200 39092 39680
25200 84432 51379
25200 77311 37536
25200 45338 69710
25200 121829 108360
25200 81350 101747
25200 3733 89226
25200 31012 65458
25200 37149 113051
25200 104828 40222
25200 100627 105928
25200 84397 66813
25200 16150 16568
25200 79887 114687
25200 118653 3129
25200 55201 73334
25200 93059 70569
25200 98534 68396
25200 34452 34480
25200 96215 3383
25200 61115 3074
25200 103829 20154
25200 10728 25287
25200 68945 53137
25200 46887 40985
25200 11012 33229
25200 61979 28539
25200 21800 96887
25200 64534 14184
25200 63024 39111
25200 46872 73543
25200 39859 16710
25200 39186 92845
25200 58799 19789
25200 66128 42928
25200 92822 57211
25200 104711 24929
25200 115945 48276
25200 41585 62636
25200 18349 114082
25200 120342 106033
25200 67346 85414
25200 123656 123643
25200 18158 83185
25200 40777 61054
25200 12847 88176
25200 118679 70347
25200 91040 74459
25200 116623 25676
25200 100602 76595
25200 16848 86236
25200 115982 26960
25200 3110 2962
25200 92666 52620
25200 107082 79083
25200 89136 59833
25200 37423 114825
25200 88438 124348
25200 16082 63266
25200 84246 18432
25200 43933 116791
25200 68994 80222
25200 56631 49043
25200 4364 85818
25200 59389 7963
25200 66216 14737
25200 49373 7842
25200 109186 60053
25200 91187 121397
25200 85448 108078
25200 76864 52486
25200 83528 27288
25200 115216 9227
25200 71453 2701
25200 19079 61973
25200 66870 4364
25200 26121 12255
25200 55248 52697
25200 38189 83718
25200 103423 71251
25200 111849 27687
25200 18385 77789
25200 121094 56029
25200 35373 73985
25200 90183 725
25200 33899 17549
25200 100662 14694
25200 35543 116896
25200 97565 19555
25200 57683 95958
25200 9367 5815
25200 19378 32583
25200 116947 78176
25200 78982 114066
25200 93732 40414
25200 90774 43749
25200 69633 113681
25200 92751 27733
25200 56497 41448
25200 49960 25007
25200 70648 3911
25200 73373 12024
25200 9711 59481
25200 119446 114258
25200 105390 15274
25200 47140 10458
25200 64330 97152
25200 68206 54425
25200 33663 69714
25200 81739 48050
25200 112630 26826
25201 65293 26713
25202 2873 3339
25203 105657 3419
25204 78672 58754
25205 37880 16751
25206 27477 61547
25207 75155 96248
25208 109588 103253
25210 84730 96887
25213 94745 36330
25215 79972 90895
25216 59532 23357
25217 112368 44872
25218 26202 16942
25220 71286 14837
25223 123785 94577
25224 61014 45631
25226 86419 97953
25228 18400 62246
25230 67885 110570
25231 88428 106184
25233 47765 14247
25235 104668 44418
25236 51746 39516
25243 34469 34530
